   2.0000000e+00  -5.8407517e-01   1.9544417e-01   1.9590101e-01   2.6317068e-01  -6.9829897e-01  -1.1544401e+00  -1.1054792e+00  -6.9153280e-01  -5.3461443e-01   7.7097397e-01
   2.0000000e+00   1.0919947e-01   1.4267329e-01   1.6390334e-01   1.5469491e+00  -1.3111389e+00   7.8990760e-02   1.5913869e+00   1.9460552e-01   1.2319359e+00   1.6279167e-01
   1.0000000e+00  -2.3198832e+00  -4.5210126e-01  -2.7758643e-01  -1.4988510e-01  -1.3587778e-01   1.6247722e+00   8.8090936e-01  -2.4736145e-01  -8.3081009e-02   5.2192211e-01
   2.0000000e+00   1.2726395e+00  -3.9026341e-01  -6.8795971e-01  -1.9087881e+00   1.0680048e-01   1.8974975e+00   1.1133098e+00  -1.0659018e+00   7.1215790e-01   1.9683933e+00
   2.0000000e+00   7.6759881e-01  -4.6485647e-01   2.1450694e-01  -6.0228646e-01  -4.9817524e-01  -9.2773930e-01  -6.6730387e-01  -5.5664281e-01  -2.3887457e+00  -3.0029165e-01
   1.0000000e+00  -1.7484698e-01   2.7032092e-01  -8.5269155e-02  -1.0325165e+00   1.9635681e-01   1.6657023e+00   2.4674832e-01  -1.8723387e+00  -3.3041054e-01  -7.3274346e-01
   2.0000000e+00  -2.4667568e-01  -8.2082520e-01   1.2151482e+00   3.3070798e-01  -1.7497680e-01  -9.8723057e-01  -3.9135007e-01   1.8592236e+00  -2.3628401e+00   4.0456452e-01
   1.0000000e+00   4.4717358e-01  -3.2423682e-01  -7.9967819e-01   1.5206896e+00   2.4071140e-01   3.0382034e-01   3.4324447e-01  -1.1331366e+00  -4.4190516e-01   1.3309205e+00
   2.0000000e+00   5.0166599e-01  -1.3803095e+00  -1.3921878e+00  -1.4847601e+00  -7.4283370e-01   3.3807222e-01  -1.0432051e+00  -5.2518527e-01  -3.5566587e-01   4.9401203e-01
   2.0000000e+00  -7.4628526e-01  -7.5509995e-01  -1.1780472e+00   4.2040872e-02  -1.1846966e+00   1.5878942e+00  -3.8749072e-01  -7.7089867e-01   2.2856475e-01   1.3952265e+00
   1.0000000e+00   2.2145373e-01   3.0236846e-01  -7.7782970e-01  -1.2318164e+00   1.0711233e+00  -1.7833670e-01   3.6882450e-01   1.3781216e+00   3.9834919e-01  -4.0245877e-01
   2.0000000e+00  -3.2017280e-01  -2.7342596e-01  -7.9579518e-01  -5.5469481e-01   8.7923974e-02   1.3714279e+00   1.4347564e+00  -1.5200755e-01  -1.4935163e-02  -6.8547131e-01
   2.0000000e+00  -4.9993810e-01  -4.7079129e-01   1.1353364e+00   1.4093324e-01  -6.9960382e-01   6.0351579e-01   1.7290931e-01   9.5068161e-01  -1.2922789e+00   7.9848257e-01
   2.0000000e+00   1.7220798e+00   8.0260921e-01  -1.0725501e+00   2.8567886e-01  -9.3770565e-01  -6.7440744e-01  -8.5614738e-01   4.1790350e-01  -1.2789138e+00  -9.3354242e-01
   2.0000000e+00   3.3687995e-02  -1.0612377e-01  -6.5891903e-01   5.5956513e-01  -4.8207994e-01   1.3688851e+00   1.4797939e+00  -4.3890587e-01   1.2847592e+00  -3.8646508e-01
   2.0000000e+00  -1.2591180e-01   6.5274206e-01  -1.1591669e-01   4.4415609e-01   1.5929366e+00  -8.0503958e-01   8.0079218e-01  -4.4267085e-01   4.3125191e-01  -7.4227814e-01
   2.0000000e+00   1.5415363e+00  -1.4114955e+00  -1.0162671e-01  -2.0633516e-01   4.6445151e-01   4.9772149e-01  -7.2276655e-01   1.0780912e+00   1.3002429e-03   1.4457662e+00
   2.0000000e+00  -6.3288106e-01   7.6125166e-01   6.7070555e-02   7.3494141e-02  -2.7478027e-01   1.3659130e-01  -1.7501842e+00  -7.7846487e-01  -5.4879429e-02  -7.6986244e-01
   2.0000000e+00   1.0338677e+00   1.7504445e-01   6.7834860e-01   7.4436843e-01  -1.2288967e-02   2.6931261e-01   1.1297262e+00   8.2223386e-01  -2.0084255e-01   5.9870725e-01
   2.0000000e+00   8.4861356e-01   1.9350594e-01   1.0872575e+00  -6.6153643e-01  -1.1793307e+00  -1.0088370e+00  -2.6304483e+00   8.3467095e-01   1.6983077e+00  -4.4605773e-01
   2.0000000e+00  -2.1304790e+00  -1.7470550e-01   1.1675457e+00   1.7609241e+00  -1.5738640e+00   1.6459608e+00  -6.6958608e-01   1.7221785e+00  -1.0982871e+00  -8.4220431e-01
   2.0000000e+00  -1.2747251e+00   6.4156440e-02  -7.8722344e-01  -1.0543007e+00   1.2093768e-01   6.9494835e-01  -6.6867191e-02  -9.0886912e-01   2.5021803e-01   2.8020472e+00
   2.0000000e+00   2.5390044e+00  -5.4270113e-02  -5.6709787e-01   9.0144096e-01  -2.4745855e+00  -1.3044861e-02  -8.8109156e-01   8.6084929e-02  -6.4377412e-02  -2.3122338e+00
   2.0000000e+00   1.0221617e+00  -8.1300603e-01   4.0113594e-01   1.4538285e-01  -1.6546496e+00   5.3483536e-02  -9.3405855e-01  -1.2195782e+00   1.6779032e+00   5.7072534e-01
   2.0000000e+00   8.2686031e-01  -4.4997597e-01  -1.3169350e+00   8.7677886e-01   3.6812823e-01  -1.6404081e+00  -8.8988029e-01  -4.3986790e-02   8.8286346e-01   1.3226313e-01
   2.0000000e+00   5.5121913e-01   3.5463116e-02  -3.1663912e-01   6.7290646e-01   4.5246091e-01   5.7536800e-01   1.1123662e+00   3.6329330e-01  -2.1231154e+00  -1.9294690e-01
   2.0000000e+00   6.3196732e-01   1.8353727e-01  -9.2995801e-01   4.6992330e-01  -1.6993780e-01   2.7873938e-01  -2.0872914e+00   5.6515589e-01   1.3611830e+00  -8.6909760e-01
   2.0000000e+00   1.2050571e+00  -8.5449208e-02  -7.9086724e-03   2.4843123e-01   2.3945112e+00   9.1738487e-01   1.8748668e+00   3.6168539e-01   1.2576750e+00   8.0246994e-01
   2.0000000e+00  -9.3694780e-01  -7.2542995e-01   3.3183344e-01   7.9688727e-01   5.4974570e-02  -7.8161460e-01  -2.1738156e-01  -6.9111959e-01  -9.1926752e-01   2.2718186e-01
   2.0000000e+00  -4.7696289e-01   7.3799639e-01  -6.6212928e-03   9.7296094e-01   1.5343829e-01  -4.8112316e-01   8.6239497e-01   1.4343358e+00   4.3521955e-01  -1.0459756e+00
   2.0000000e+00   5.0031432e-01  -1.6097109e-01  -8.6942075e-01  -1.7335797e-01   1.2598973e+00  -1.6204394e+00   3.4324526e-01   1.1772408e+00  -1.9988587e+00  -4.2392905e-02
   1.0000000e+00   3.1481300e-01  -1.5885005e+00   1.0504830e-01  -1.3348871e+00   1.0246387e+00  -4.2677604e-01   1.9158134e-01  -6.1416454e-01  -2.0539179e-01  -8.4264203e-01
   2.0000000e+00  -1.9604282e-01  -3.8310206e-01   3.2762405e-01  -2.0166069e-01  -8.8371341e-01   1.3516928e+00  -1.3624596e+00  -8.7027713e-02   1.5558252e+00   3.4380303e-01
   2.0000000e+00   5.0371154e-01   2.3128026e-01   1.6359170e-01   2.2920903e+00  -8.2987751e-01   2.9631844e-01  -6.6668966e-01   2.4020135e-01  -6.1592848e-03  -2.6361829e-01
   1.0000000e+00   1.1715418e+00  -1.3254415e+00   7.9135205e-01  -7.1237145e-01   1.1699406e-01   2.0962949e-02   2.1117011e-01   1.9488418e+00  -4.0559136e-01  -1.2815480e+00
   2.0000000e+00   4.2098458e-01   2.7404682e-01  -1.9965985e-01  -4.5172918e-01   1.0726149e+00   1.1620021e+00   1.2594117e+00  -6.3284726e-01   1.2702423e-01   4.3214132e-01
   2.0000000e+00   5.4777464e-01   9.0463646e-01   4.2643059e-01  -3.4571014e-01  -1.2896846e+00  -1.4897090e+00  -7.8390589e-01  -1.0375554e+00  -2.1030657e-01  -9.4845485e-01
   2.0000000e+00  -3.7934719e-01  -3.2720172e-01  -1.7235103e+00   1.0711814e-01   1.7693550e+00  -5.7179281e-01  -8.0086780e-01   1.2220182e-02   5.5430573e-01  -4.6175826e-01
   2.0000000e+00  -5.3270374e-01  -7.2035920e-01  -2.0540250e+00   2.2058249e+00   4.1732044e-01   6.1355875e-01  -4.3463494e-01  -9.6745427e-01  -3.3557870e-01  -4.1520236e-01
   2.0000000e+00  -1.0948977e+00   1.3797629e+00   6.5959523e-01   2.7026876e-01  -2.2549136e-01   7.6844439e-01  -1.2027793e-02  -3.1589605e-01   2.3387412e-01  -7.7028778e-01
   2.0000000e+00   3.1333279e-01   3.2473805e-01   1.7300772e-01  -4.1666587e-02   8.3714024e-01   6.1886467e-01  -1.8722794e+00   8.1442659e-01  -1.4869005e+00  -2.7322361e-01
   1.0000000e+00  -1.2783485e+00   6.7815325e-01  -1.1890143e-01  -1.3196448e+00  -8.4701602e-02  -9.5051539e-01   6.6791246e-01  -9.5901211e-01  -3.1499327e-02   1.3690421e+00
   2.0000000e+00  -1.1028802e-01  -8.7038103e-01  -2.3991819e+00   4.3598111e-01   5.5609775e-01   6.9751966e-01  -9.9283075e-01  -5.2277634e-01   5.1883320e-01   1.9144016e-01
   2.0000000e+00   1.6692052e+00  -5.3901090e-02   1.5109940e+00  -7.2026325e-02   2.3390986e+00   6.5200665e-01  -1.5492704e+00   1.8071373e-01   9.1022800e-01  -1.3144178e+00
   1.0000000e+00  -6.9586057e-01   9.2485994e-01  -2.5054957e-01  -7.5660007e-01  -4.5257461e-01   7.5216838e-01   3.2389846e-01   2.2994656e+00   8.7497242e-02   1.4391648e+00
   2.0000000e+00  -4.8843284e-01   1.1644188e+00  -9.1094537e-01  -1.5339998e+00  -1.3643789e+00  -3.4220566e-01  -1.0203801e+00   6.5510601e-01   1.1548854e-01  -1.1440669e+00
   2.0000000e+00  -7.0520580e-01   4.7715046e-01  -7.8309694e-01   7.8607189e-01  -1.9488266e+00  -1.9665939e-01  -2.0032620e-01   1.3241738e+00  -5.8983089e-01  -9.6196776e-01
   2.0000000e+00   1.0454752e+00   1.5583232e+00  -3.7815650e-01   4.3173045e-01   5.1482735e-01   2.4780410e+00   1.4860671e+00   9.2299979e-01   1.2599451e+00   4.9723146e-01
   2.0000000e+00  -1.0732259e+00   1.1958107e+00   1.0381264e+00   2.1567868e-01  -5.8880452e-01   7.1091947e-01  -9.5271573e-01   2.5187686e-02   8.2839164e-01   1.1784296e+00
   2.0000000e+00   1.3031929e+00  -5.0623898e-01  -2.9521539e-01  -1.2277915e+00   2.1903765e+00   1.0256526e+00  -8.8651811e-02   1.3612973e-01   1.1265017e+00   3.8101125e-01
   2.0000000e+00  -6.5595256e-01   3.1307028e-01  -1.7488207e+00  -6.7675808e-01   1.2797199e-01   4.9742848e-01  -1.9670770e+00   2.3577371e-01  -5.2207499e-01  -7.7185558e-01
   2.0000000e+00   2.0877409e+00  -2.6331516e-01  -1.5282148e-01  -8.4144450e-01   3.0548694e-01  -1.0184132e-01   1.9855779e-01   1.5753797e-01   2.0975232e+00   1.0234734e+00
   2.0000000e+00  -1.0349420e+00   2.0813249e-01  -3.2799079e-01  -6.7286582e-02   1.2884750e+00   2.5826181e-01  -3.4487217e-01   2.8407973e+00   3.7197167e-01   7.1109414e-01
   2.0000000e+00  -2.2151932e-01  -3.3499846e-01  -2.8618959e-01  -4.7707987e-01  -7.6454533e-01   3.3071785e-01  -9.1270697e-01  -4.6608821e-01  -1.3972879e-01  -2.4903811e+00
   2.0000000e+00  -5.8442579e-01   6.9124505e-01   4.8060518e-01  -5.4066043e-01  -1.1156466e-01  -5.8856105e-01  -1.7198346e+00  -1.6531168e+00  -5.8963767e-01   1.2272645e-02
   2.0000000e+00  -7.7613230e-01  -7.1524991e-01  -2.0292217e-01  -1.0850239e-01   1.0433114e-02   1.8152653e-01  -1.0984084e+00   1.1202850e+00  -6.7426825e-01  -1.3318292e-01
   1.0000000e+00  -9.7497881e-01  -4.9367121e-01   4.8917587e-01  -6.7682721e-01   3.0969176e-01   3.0483476e-01   3.1965962e-01  -7.7649776e-01  -8.3892922e-01  -6.9923665e-01
   2.0000000e+00  -5.5826461e-01   2.6168425e+00  -5.9893425e-01   4.2781117e-01   1.8584528e-01   1.8568761e+00   1.2093044e+00  -6.3637654e-01   1.3389314e-01   5.8558661e-01
   2.0000000e+00   4.9919844e-01   1.4987544e+00   7.9966802e-01   6.5402975e-01   1.8407038e-01  -2.1912063e+00   1.6022255e+00   1.1052180e+00   1.3056855e+00   5.5878283e-01
   2.0000000e+00  -5.3576513e-01   9.5675898e-02  -4.2710155e-01   1.0822635e-01   5.1835297e-01  -1.3327640e+00   5.7168565e-01  -4.1281476e-01   7.8601963e-01  -1.1857353e+00
   1.0000000e+00   5.9808425e-01   6.4982178e-01   9.7798394e-01   2.1932773e-01  -3.0640371e-01   1.1037282e-01   5.1260999e-01  -3.8448847e-01  -3.3633596e-01   7.4803453e-01
   1.0000000e+00   1.4291077e+00  -2.1060706e+00  -1.3623783e+00   6.7799231e-01  -6.1877150e-01   1.8442938e+00   1.1458347e-01   2.1458007e+00  -3.6474951e-01   1.3445519e-01
   2.0000000e+00  -1.9018000e+00   1.0834917e+00  -1.8697691e-01  -1.5691064e+00   9.8868519e-01  -8.5540135e-02   6.6043090e-01   9.6298232e-01  -8.1667018e-01  -1.0463936e+00
   2.0000000e+00  -6.4737504e-01   5.5802138e-01   3.3979798e-01   8.0136219e-01   2.3632566e+00   2.3435287e-01   1.5419550e+00  -1.6375733e+00   1.4457419e+00  -6.2030994e-01
   2.0000000e+00   1.6375391e-01  -1.2272476e+00  -9.4359413e-01   1.4602463e+00  -2.2669634e+00   7.5506005e-01   2.3488970e-01   6.3804220e-02  -1.7245713e-01   1.5023535e+00
   2.0000000e+00  -1.3437873e+00   2.2612600e+00   7.9255760e-01   1.9192927e+00  -1.7740429e+00   1.2633982e+00  -2.4864415e+00   1.1437771e-01  -1.4715335e-01  -8.6617110e-01
   2.0000000e+00  -7.9192913e-03   4.5023070e-01  -2.4119294e-01  -4.1878147e-01   5.6107707e-01   2.6359062e+00   9.5436624e-01   8.5823937e-01   2.0322364e+00   1.7730770e+00
   2.0000000e+00   4.7774111e-01  -1.1384766e+00   1.5241602e-01   3.1809405e-01   3.7276654e-01   2.4131939e+00   2.8540857e-01  -3.3442843e-01  -1.1771002e+00   8.9655266e-01
   2.0000000e+00  -3.4597654e-01  -1.2078580e+00  -2.2035277e+00   5.4774825e-01  -2.8219899e-01  -2.6076989e-01  -5.8406317e-01  -1.0863280e+00  -6.4873435e-01  -2.4781763e+00
   2.0000000e+00   6.1580020e-01  -9.4210653e-02  -4.7637715e-01   2.6934609e+00  -2.9047070e+00   6.5186723e-01   1.3135180e+00  -7.2019419e-01  -3.4651045e-01  -8.0203275e-02
   2.0000000e+00  -3.5989469e-01   6.7835621e-01   3.5509136e-01  -8.3808492e-01  -6.4378709e-01   5.9295133e-01   1.3848746e+00  -6.1048069e-01   8.7456543e-01   1.2756160e+00
   2.0000000e+00   1.3070277e+00  -6.3966190e-01  -1.5153566e+00  -2.2326501e-01  -1.3141374e-01  -8.5052205e-02  -3.3484110e-01   1.3989741e+00  -1.1596875e+00  -1.4975435e+00
   2.0000000e+00   1.3604632e+00  -1.6488511e+00   1.4986559e+00   1.1100966e+00  -3.9727151e-01  -1.3842557e+00  -1.9435038e-01   1.5462686e+00   3.2737833e-01  -7.7132119e-01
   2.0000000e+00   1.3661663e+00   1.7239368e-02  -1.3428665e+00  -2.1968305e+00   2.9329191e+00  -1.0946657e+00   1.3131365e-01  -2.5359162e-02  -1.0394605e+00   8.7843248e-01
   2.0000000e+00   1.1147263e+00  -1.1384853e+00   1.2636238e+00  -6.7575474e-01  -1.6939877e+00  -1.2977884e+00   3.0058890e-01  -2.3327055e-01   1.1102587e+00   1.6802764e+00
   2.0000000e+00   7.9634766e-01  -1.2794785e+00  -8.2727958e-01  -1.0237965e+00  -2.8849499e-01  -1.0420306e+00  -7.5764273e-01   3.7838272e-01   1.6429179e+00   1.7241541e-01
   2.0000000e+00   2.0468185e-01  -1.6498406e-01  -1.4064636e+00  -1.3008230e-01  -9.1914892e-01   1.7659627e+00  -4.0855158e-01  -3.0432552e-01  -5.6052597e-01   1.5325739e+00
   2.0000000e+00  -4.3808029e-01   4.0553359e-01   5.2259334e-01  -6.5284448e-01   1.1806400e+00   2.3558949e+00  -2.8227992e-01  -3.1998773e-01  -2.7190458e-01  -1.2597039e+00
   2.0000000e+00   5.1422741e-01  -1.8148845e-01   1.1943129e+00   5.0432922e-01  -9.0028596e-01  -5.5862911e-02   3.1900527e-01  -9.5973126e-01   1.2555614e+00  -3.8257632e-01
   1.0000000e+00   7.1705968e-01   5.4612629e-01   1.0206343e+00   1.0676182e+00  -1.0354451e-01   5.1281394e-01   2.1777504e-01   8.1447942e-01   1.9817751e-01   8.6295262e-01
   1.0000000e+00  -9.0504276e-01  -5.8145089e-01   1.7938410e+00   1.5605039e+00   1.1554654e-01  -9.2811108e-01   2.9566422e-01   1.3990760e+00  -3.6541002e-01  -3.9879960e-01
   2.0000000e+00  -6.9426612e-01  -3.0437846e-03   5.2509773e-01  -8.9349843e-01  -1.5704159e+00  -5.0913435e-01  -2.8723616e+00   9.7591161e-01   2.1274553e-01   1.3186715e+00
   1.0000000e+00   3.3002271e-01  -1.5221658e-01  -2.0114741e+00   1.7432496e-01  -7.9332340e-01  -3.3049547e-02   6.6448180e-01   4.2483139e-01   4.6021183e-01  -2.0588376e-02
   2.0000000e+00  -1.5918340e+00  -9.2867558e-01   5.5020619e-01  -1.9918707e+00  -2.7770229e-01  -7.7708046e-01   1.1632785e+00   9.6522189e-02  -1.2465327e+00  -3.4470813e-01
   2.0000000e+00  -1.3162594e+00  -6.0641672e-01  -1.6002758e-01  -3.1408262e-01   5.1002021e-01   1.2080922e+00  -2.9533201e-01   5.2078822e-01  -1.4500469e-01  -6.4636770e-01
   2.0000000e+00   3.5367954e-01   3.5490092e-02  -1.3467792e+00  -6.2849345e-01   1.5978711e+00  -6.2511649e-01  -1.1106194e+00  -2.3251342e-02  -9.1516947e-01   2.3005969e-01
   2.0000000e+00   7.3552455e-02   1.4734280e+00   5.0029655e-01   1.6696601e+00   2.5958586e+00   5.6792215e-01   1.3418870e+00   1.0372718e+00  -3.5494077e-01   7.4767912e-01
   2.0000000e+00  -3.9590136e-01   2.0567040e+00  -6.9846446e-01  -5.2513619e-01   1.2598662e+00   5.2453768e-01  -3.4676885e-02   1.0659870e+00  -9.0952363e-01  -5.5932903e-01
   2.0000000e+00  -1.9888725e-01   2.4300354e+00   9.7092949e-01  -7.1607190e-01   1.2827810e-01  -2.9538244e-01   1.6046242e+00   4.6857330e-03  -3.0184345e+00   6.3480465e-01
   2.0000000e+00   4.6358348e-01  -1.8335277e-02  -4.6248093e-01  -2.4162324e-01  -1.0576305e+00  -9.6565973e-01  -1.2067113e+00  -3.4646004e-01  -6.3122507e-02   1.9355745e-01
   2.0000000e+00   3.1823620e-01   6.6831738e-01  -1.3700459e-01   4.0000500e-01   8.1961627e-01   6.0057291e-01  -8.1153241e-01   1.9214282e+00  -3.7860047e-01  -9.2005227e-01
   2.0000000e+00  -3.4747989e-01   1.3451705e+00  -1.1726098e+00   6.3103919e-02   1.3398212e+00  -1.4335213e+00  -8.6933384e-01   1.6212025e+00   9.0284468e-01  -1.9445933e+00
   2.0000000e+00  -1.4031343e+00  -8.2972524e-01   3.7631695e-01   5.9224625e-01  -1.1070622e+00  -6.7798043e-01  -1.7929589e-01  -5.3631676e-01   1.3583345e-01   3.3502176e-02
   2.0000000e+00  -5.7509652e-01  -1.2410291e+00   2.2698301e-01   4.3839508e-02  -1.3153977e+00  -7.0245509e-01   8.6310131e-01  -2.7267440e-01   1.2454059e+00  -2.2403792e-01
   2.0000000e+00   5.9877167e-01   8.7707742e-01   2.1148036e+00  -1.1101187e+00   1.5770948e-01  -1.4273354e+00  -1.8439167e+00   8.7555168e-01  -4.2799925e-01  -3.2340767e-01
   2.0000000e+00  -4.0101398e-01  -3.1524623e-02   6.7148258e-02   1.0706115e+00  -1.8838623e+00   1.2075417e+00  -2.1110241e+00   1.0333020e-01   1.0997641e+00   1.0257459e+00
   2.0000000e+00  -1.0031206e+00  -3.5682064e-01   5.2903223e-01   8.7948451e-01   7.4982313e-01   7.7660103e-02   1.3237751e+00  -1.1190602e+00   2.0326906e+00   6.6258441e-01
   2.0000000e+00   4.7830528e-01   6.3592448e-01   6.1032786e-02   7.8102871e-01   2.1803992e-01  -6.2235791e-01  -2.3234852e+00   7.4701357e-01  -3.0784041e-02   3.1152363e-01
   2.0000000e+00  -5.4577035e-01  -3.2648432e-01  -2.8118038e-01   2.9798154e-01  -1.8507672e+00   4.4511636e-01  -3.2190030e-01  -2.1665459e+00  -1.9525563e+00   4.2615212e-01
   2.0000000e+00   2.4424852e-01   9.0301866e-01  -6.6008613e-01  -4.3901414e-03  -5.6629774e-01  -1.4845631e+00  -1.2901357e+00  -7.2612216e-01  -5.1691249e-01  -7.6225415e-01
